names,population,state_code,lat,lon
aala,,13,-15.1,167.0666667
abanga,,06,-15.3166667,167.8833333
abatabanga,,06,-15.5166667,168.1666667
abatounbouliva,,06,-15.4833333,168.15
abatounbwabwa,,06,-15.5333333,168.15
abatouwai,,13,-15.65,167.2333333
abatvenou,,06,-15.4833333,168.1333333
abnetare,,13,-15.65,167.0833333
abouetare,,13,-15.65,167.0833333
abounanbay,,13,-15.6833333,167.0833333
abounatari,,13,-15.65,167.0833333
abounavahe,,13,-15.6333333,167.1
abowi,,06,-15.4833333,168.15
abuetare,,13,-15.65,167.0833333
abwatountora,,06,-15.5,168.1333333
abwatuntora,,06,-15.5,168.1333333
aioua,,14,-16.9,168.5333333
aiowo,,06,-15.0666667,168.0666667
aiwos,,14,-16.9,168.5333333
aiwos mission station,,14,-16.9,168.5333333
akam,,10,-16.5166667,167.65
alavas,,10,-15.8833333,167.2333333
alele,,06,-15.5166667,168.1666667
alememer,,12,-15.5166667,168.15
aligu,,12,-15.6,168.1666667
alihak,,12,-15.7666667,168.1333333
alolo,,06,-15.3166667,167.85
alowarou,,13,-15.7333333,167.15
alowou,,06,-15.2833333,167.9333333
amalaboua,,12,-15.5166667,168.1333333
amata,,06,-15.4,167.7
ambao,,06,-15.2833333,167.9333333
ambousi,,06,-15.3,167.8666667
amio,,07,-13.7,167.6333333
amok,,10,-16.0666667,167.2166667
amseran,,13,-15.4,167.2166667
anabrou,,08,-17.7333333,168.3011111
aname,,15,-20.1333333,169.8166667
anaouya,,15,-20.25,169.8166667
anap,,10,-15.9,167.25
anawamet,,15,-20.1333333,169.8166667
anegen,,15,-20.15,169.8333333
anelbounbeke,,15,-20.1833333,169.8833333
anelgaohat,,15,-20.2333333,169.7666667
anelgauhal,,15,-20.2333333,169.7666667
anelgauhat,,15,-20.2333333,169.7666667
anelghowhat,,15,-20.2333333,169.7666667
anemdanae,,15,-20.15,169.8333333
anemek,,15,-20.2333333,169.8
anitchawo,,15,-20.1333333,169.8166667
anowounamalo,,15,-20.2333333,169.7666667
anowounoouras,,15,-20.2333333,169.7833333
antaripoi,,13,-15.75,167.2
anware,,15,-20.2333333,169.7666667
aop,,10,-16.0833333,167.4
aouloua,,10,-16.3333333,167.7166667
aoutili,,05,-16.2833333,167.9833333
apopo,,06,-15.4333333,167.7166667
arasa,,12,-15.5166667,168.1333333
aratoa,,12,-15.4666667,168.15
aravida,,13,-15.6833333,167.0833333
ariaou,,13,-15.4833333,166.9166667
aroka,,13,-15.7,167.2166667
aronbalato,,06,-15.4833333,168.15
arong,,06,-15.3333333,167.9333333
ase,,05,-16.3,168.2666667
assen,,10,-16.3166667,167.7
assoue,,10,-16.5166667,167.8166667
assourou,,10,-16.3833333,167.7166667
ataboulou,,06,-15.4833333,168.1333333
atangouroua,,10,-15.5,168.15
atavoa,,06,-15.3,167.9833333
atsaritibi,,13,-15.15,166.8
atsoma,,13,-15.4666667,166.75
aulua,,10,-16.3333333,167.7166667
avatouna,,12,-15.5166667,168.15
aviliana,,06,-15.4833333,168.1333333
avira,,07,-14.2,167.5666667
avire,,07,-14.2,167.5666667
avounbaka,,13,-15.6333333,167.1
avtitnan,,07,-14.3666667,167.5333333
baagwergwer,,06,-15.3166667,167.8
baalap,,05,-16.2833333,167.95
baga,,12,-15.7166667,168.1333333
baitora,,06,-15.2666667,168.1166667
bakakara,,13,-15.3166667,166.8333333
balago,,13,-15.4833333,166.9166667
banhoul,,05,-16.1666667,168.1166667
barereo,,05,-16.1166667,168.1666667
barik,,10,-16.1666667,167.4833333
barksal,,12,-15.7166667,168.1666667
barvet,,12,-15.8333333,168.1666667
batambon,,10,-16.2333333,167.6
batambou,,10,-16.2166667,167.5833333
batarhoumbou,,10,-15.9833333,167.2333333
batarlilip,,10,-16.0,167.25
bat,,05,-16.3166667,167.9833333
batenfoutou,,12,-15.5833333,168.1166667
batin,,05,-16.3166667,167.9833333
batnavni,,12,-15.6666667,168.1166667
batouitano,,13,-15.4166667,166.85
batouna,,13,-15.3,166.75
batounaere,,13,-15.4333333,166.8333333
batounaroutoul,,13,-15.5166667,166.8833333
batounboaen,,13,-15.5,166.85
batounfaramb,,13,-15.45,166.9333333
batounklao,,13,-15.4666667,166.8833333
batounlemak,,13,-15.4333333,166.9166667
batountalbarav,,13,-15.4666667,166.9333333
batvoubarav,,13,-15.4166667,166.8666667
baulap,,05,-16.2833333,167.95
beer,,13,-15.6,167.0333333
bellevue,,08,-17.7333333,168.35
benamour,,10,-16.2333333,167.6
benavoue,,13,-15.5833333,167.0333333
benehour,,10,-16.5,167.4166667
betarara,,06,-15.1,168.0666667
betel,,10,-16.0333333,167.4
bethel,,15,-19.55,169.2666667
beweto,,06,-14.2333333,167.6
bigeilan,,13,-15.4333333,166.8333333
bilbilou,,13,-15.5,166.8833333
bilibil,,13,-15.45,166.8
biloykoulouwan,,13,-15.4666667,166.8
bitar,,10,-16.05,167.2166667
boatpasis,,09,-16.7833333,168.1666667
bogor,,05,-16.1166667,168.15
boles,,05,-16.35,168.0666667
boloa,,14,-17.0666667,168.3666667
bongabonga,,14,-16.9333333,168.5333333
bonkowia,,09,-16.6666667,168.1333333
borabor,,11,-16.45,168.2166667
boroumvor,,10,-16.5333333,167.5666667
bosao,,09,-16.7833333,168.1833333
boton,,10,-16.2333333,167.5666667
botvornov,,13,-15.4166667,166.8833333
boueboue,,13,-15.35,167.95
bouegou,,12,-15.6,168.1333333
bouinii,,12,-15.7333333,168.1166667
bouisourou,,13,-15.5166667,166.7166667
boulhak,,12,-15.7166667,168.1166667
boumhaeham,,10,-16.5833333,167.4666667
bounahatsa,,13,-15.0333333,166.6166667
bounanbaga,,13,-15.3166667,166.8166667
bouniakoup,,15,-18.8833333,169.0166667
bounlap,,12,-15.9666667,168.2666667
bourbar,,10,-16.3833333,167.7666667
bouroumba,,09,-16.7166667,168.1166667
boute-boute,,09,-16.75,168.15
boutmaraemojoro,,13,-15.4,166.95
boutmas,,13,-15.3666667,167.0
boutnavaga,,13,-15.4333333,166.8666667
bowe,,05,-16.3666667,168.2166667
brennwe,,10,-16.1333333,167.2833333
bucumba,,09,-16.7166667,168.1166667
bumboko,,09,-16.8166667,168.2666667
bunlap,,12,-15.9666667,168.2666667
burumba,,09,-16.7166667,168.1166667
bwatnapne,,12,-15.6666667,168.1166667
bwehaltalam,,05,-16.1166667,168.1166667
bweletaveureukon,,05,-16.2666667,167.95
centre,,08,-17.7341667,168.3005556
chinohouse,,10,-16.05,167.3833333
crepeta,,07,-13.9166667,167.4833333
dalops,,13,-15.0166667,166.7833333
dalotaropou,,13,-14.9666667,166.75
deuriv,,07,-14.3666667,167.5333333
dirihi,,12,-15.6666667,168.1666667
douane,,13,-15.5333333,167.15
douen,,10,-16.3666667,167.7666667
douin doui,,06,-15.4,167.7666667
dovin doui,,06,-15.4,167.7666667
drivai,,10,-16.45,167.8166667
duin dui,,06,-15.4,167.7666667
ebao,,08,-17.6166667,168.5
eili,,15,-20.25,169.8333333
ekar,,13,-15.0,167.05
elia,,13,-15.2666667,166.6666667
ellarmo,,10,-16.15,167.2166667
emiotebin,,05,-16.3333333,168.0
emiotouan,,05,-16.2666667,167.9833333
emoa,,08,-17.55,168.3666667
empaoura,,13,-15.65,167.2333333
emua,,08,-17.55,168.3666667
endou,,05,-16.2666667,168.25
enfitana,,15,-19.5833333,169.35
engem,,12,-15.6666667,168.1166667
eniou,,15,-19.3666667,169.2833333
enkaro,,12,-15.6666667,168.1666667
enkoul,,12,-15.7,168.1666667
enouwakeur,,15,-19.3666667,169.3
enpinane,,15,-19.6,169.3333333
eouta,,14,-16.9,168.5666667
epantgouei,,08,-17.7833333,168.25
epao,,08,-17.625,168.4944444
epi„ang,,08,-17.7833333,168.2833333
epule,,08,-17.5722222,168.4583333
erano,,06,-15.4333333,167.6666667
erata,,14,-17.0166667,168.6
eren,,13,-14.95,167.0166667
erevoulay,,13,-15.65,166.7666667
espen,,15,-20.15,169.8333333
eton,,08,-17.75,168.55
etpouleo,,15,-20.2333333,169.7666667
euta,,14,-16.9,168.5666667
evitawo,,06,-15.3666667,167.9333333
falan,,13,-15.3833333,167.0333333
falatasa,,13,-15.4,167.0166667
falibeur,,05,-16.1166667,168.1666667
fali,,05,-16.2666667,167.9166667
falimapkon,,05,-16.2666667,167.9166667
faloua,,07,-13.6666667,167.7
famban,,05,-16.2166667,168.1833333
fandoue,,06,-15.3166667,167.8166667
fanebal,,05,-16.1833333,168.1
fanla,,05,-16.1333333,168.1333333
fanouatatao,,05,-16.1166667,168.1333333
fanpatey,,06,-15.4,168.1333333
fanrereo,,05,-16.15,168.1166667
fantiekon,,05,-16.1333333,168.15
farealapa,,08,-17.45,168.35
faroun,,10,-16.5166667,167.6333333
farsari,,12,-15.8833333,168.2666667
fartabo,,10,-16.35,167.7333333
felea,,13,-15.3833333,167.0833333
fila,,08,-17.7333333,168.3166667
filakara,,09,-16.8166667,168.4
fingalato,,06,-15.35,167.8
finongi,,14,-17.0666667,168.4
fiourou,,13,-15.6333333,166.8666667
fisina,,09,-16.6333333,168.15
fona,,05,-16.1166667,168.1166667
fonteng,,05,-16.1166667,168.1833333
fontengro,,05,-16.1166667,168.1666667
fonwor,,05,-16.1666667,168.2
forari,,08,-17.6666667,168.5166667
foreas,,07,-13.9333333,167.45
fortsenal,,13,-15.45,166.8833333
founpat,,13,-15.45,166.8666667
fousroumbous,,13,-15.45,166.9166667
fwimambwetoli,,06,-15.3166667,167.8333333
fwimatal,,13,-15.45,167.0333333
fwimberougou,,06,-15.3166667,167.85
gavigamana,,07,-13.1333333,166.5666667
gebenour,,10,-16.25,167.6166667
gnierenioumen,,07,-13.7,167.6166667
goulouf,,12,-15.8833333,168.2666667
goun,,12,-15.7166667,168.1333333
green hill,,15,-19.3833333,169.2833333
grempo,,13,-15.2666667,167.0666667
halos,,11,-16.5333333,168.35
hangar,,05,-16.1666667,168.1
happy land,,15,-18.9166667,169.0833333
harimal,,05,-16.1,168.1666667
hawor,,05,-16.15,168.1333333
hebel,,10,-16.2833333,167.65
hemebouer,,10,-16.25,167.6166667
hog harbour,,13,-15.1333333,167.1
hokoua,,13,-14.6666667,166.6166667
hokua,,13,-14.7,166.6
holen,,09,-16.5166667,168.3166667
horrok,,10,-16.1333333,167.2833333
houbikou,,12,-15.7166667,168.1333333
hounnbank,,10,-16.6,167.45
iakobone,,13,-15.0166667,167.05
iaosaou,,15,-18.9666667,169.2166667
iaouwa,,07,-13.1333333,166.5333333
iasoa,,15,-19.5333333,170.2
ifo,,15,-18.9166667,169.3333333
ignal,,11,-16.5166667,168.2166667
iile,,07,-13.7,167.65
ijeptzav,,15,-20.15,169.7666667
ikahakahak,,15,-19.6333333,169.3666667
ikaokao,,15,-19.2666667,169.6
ikaseukwi,,15,-19.5333333,169.2833333
ikeupo,,15,-19.4833333,169.3166667
ikiyoo,,15,-19.5666667,169.3
ikounala,,15,-19.5666667,169.35
ikounap,,15,-19.5333333,169.3833333
ikouroup,,15,-19.5666667,169.4166667
ilamre,,12,-15.7333333,168.1333333
ilereup,,15,-19.4333333,169.2833333
ileupouoou,,15,-19.5333333,169.5
ilisilis,,15,-19.4833333,169.4
iliwaba,,12,-15.6333333,168.1166667
ilpweutou,,15,-19.45,169.3166667
imaki,,15,-19.6,169.45
imale,,15,-19.2666667,169.5833333
imareukak,,15,-19.6166667,169.45
imlao,,15,-19.5833333,169.2833333
imreang,,15,-19.5166667,169.4
imwafeun,,15,-19.35,169.2833333
imwapeul,,15,-19.5666667,169.3
imwareupo,,15,-19.4833333,169.35
imwaya,,15,-19.5333333,169.3166667
inap,,15,-20.1333333,169.8
inter,,10,-16.05,167.2166667
invanou,,10,-15.9,167.1833333
ioul,,05,-16.1,168.15
ipao,,15,-19.5166667,170.2166667
ipenyen,,15,-19.5166667,169.3833333
ipeukel,,15,-19.5166667,169.45
ipeukeul,,15,-19.5166667,169.45
ireupuow,,15,-19.5333333,169.5
irire,,12,-15.5666667,168.1333333
isaka,,15,-19.5333333,169.4
isangel,1437,15,-19.55,169.2666667
isarkey,,15,-19.5666667,169.4333333
isavai,,15,-19.2666667,169.5833333
isino,,15,-20.15,169.75
isowai,,15,-19.2666667,169.5833333
itakoma,,09,-16.9,168.5833333
itamotou,,15,-19.2666667,169.5833333
itounga,,15,-19.5166667,169.2333333
iwey,,15,-19.55,169.3333333
jasmori,,06,-14.9166667,168.0666667
kaintsouro,,13,-15.4666667,166.8833333
kaipiloa,,13,-15.4,166.8
kamel lewawa,,12,-15.65,168.1166667
kaounomeikeur,,15,-19.4833333,169.2833333
kariamaoura,,13,-15.7833333,166.7166667
karo,,10,-16.0333333,167.1833333
katbol,,10,-16.1833333,167.4666667
keke,,12,-15.6666667,168.1166667
kerembei,,06,-15.1166667,168.0666667
kerembitia,,07,-13.9166667,167.4833333
kerenaoura,,13,-15.6666667,166.7833333
kerenavura,,13,-15.6666667,166.7833333
kerentavou,,13,-15.4833333,166.9
kerepoua,,07,-13.8833333,167.5833333
kindou,,10,-16.3333333,167.3833333
koimarama,,07,-13.9,167.4666667
kole,,13,-15.2333333,167.1666667
konaekeun,,15,-19.4833333,169.3
konkon,,05,-16.15,168.1833333
korro,,07,-14.3666667,167.45
koulbaga,,12,-15.6833333,168.1333333
koulouwan,,13,-15.4666667,166.8166667
kouptana,,13,-15.45,166.8833333
kouroumanpe,,14,-16.8833333,168.55
kourouretapo,,07,-13.4333333,166.7
kranturoe,,13,-15.5,166.8333333
krantvroe,,13,-15.5,166.8333333
kuru,,07,-14.35,167.45
kwakea,,07,-13.9166667,167.4833333
kwanglav,,07,-13.8,167.5333333
kwetegaveg,,07,-14.2833333,167.4166667
laanbek,,07,-13.6666667,167.65
labo,,10,-16.4666667,167.4333333
laborha,,13,-15.0833333,166.7333333
laboue,,13,-15.5166667,167.1
laboultamat,,12,-15.5333333,168.1333333
labwarou,,06,-15.4666667,168.1333333
ladhu,,13,-15.1333333,167.0
lahoenuwi,,15,-19.4666667,169.35
lakatoro,705,10,-16.1166667,167.4166667
lakerere,,06,-15.0166667,168.0666667
laketam,,15,-19.3666667,169.3
lakinasouman,,15,-19.5,169.3166667
laknasoua,,08,-17.55,168.35
laladiva,,12,-15.75,168.15
lalaere,,13,-15.4166667,166.8
lalbetaes,,12,-15.7666667,168.1333333
lalda,,12,-15.7166667,168.1666667
lalembou,,05,-16.35,168.0666667
lalembu,,05,-16.35,168.0666667
lalinda,,05,-16.35,168.05
laloupleito,,13,-15.4833333,166.7666667
lalwori,,12,-15.7833333,168.1666667
lamak,,13,-15.3833333,166.7833333
lamalanga,,06,-15.4666667,168.1333333
lamamas,,07,-13.85,167.7
lamap,,10,-16.4333333,167.8
lamarakai,,13,-15.4833333,166.8166667
lamaro,,13,-15.4333333,166.8
lamarou,,09,-16.5833333,168.1666667
lamboukouti,,14,-16.9166667,168.5166667
lamboulpatouey,,10,-16.35,167.7333333
lambwaen,,13,-15.6333333,166.7833333
lamengo,,10,-16.5,167.4333333
lametin,,13,-15.3666667,166.85
lami„inaora,,15,-19.5,169.3333333
lamniat,,10,-15.9166667,167.3
lamorou,,06,-15.4666667,168.1333333
lamorountoa,,12,-15.55,168.15
lamoueneuvel,,15,-19.4666667,169.3
lampetiar,,10,-15.8833333,167.2333333
lamwinaoura,,15,-19.5,169.3333333
langoutoitoli,,13,-15.4166667,166.8166667
langromi„os,,07,-14.3166667,167.5833333
lankourou,,15,-19.55,169.4333333
lanour,,10,-16.5333333,167.5666667
lao,,13,-15.4666667,166.8166667
laone,,13,-14.85,166.75
laonomoa,,08,-17.5,168.4166667
laosake,,08,-17.5,168.4833333
laounalang,,15,-19.3833333,169.3
lape,,13,-15.05,166.7833333
lapourepoure,,13,-15.4333333,166.8
lararomboha,,12,-15.5333333,168.1333333
larata,,13,-15.0166667,166.75
laratava,,12,-15.45,168.15
laravet,,10,-16.1833333,167.35
laravinambosvi,,12,-15.6833333,168.15
larawet,,10,-16.1833333,167.35
larevet,,10,-16.1833333,167.35
la roseraie,,13,-15.5333333,167.15
larouanou,,15,-19.5166667,169.3
laroup,,15,-19.4333333,169.3
lasmea,,06,-15.1166667,168.1333333
lasoule,,13,-15.4,166.8
lasoulepona,,13,-15.45,166.8166667
lasoulesoule,,13,-15.6,166.9
latano,,12,-15.55,168.1333333
lativilan,,13,-15.4666667,166.9333333
latounoukae,,13,-15.45,166.8
latouptoup,,13,-15.4,166.7666667
lavalsal,,10,-15.95,167.3166667
lavatavo,,13,-15.0333333,167.0
laven,,13,-15.5333333,166.85
lavonda,,13,-15.35,167.95
lavousi,,12,-15.4666667,168.15
lavoutou,,12,-15.5166667,168.15
lawaawa,,13,-14.8666667,166.75
lawe,,10,-16.45,167.4166667
lawenata,,15,-19.4666667,169.35
lawisa,,15,-18.7833333,169.2
lear,,06,-13.55,167.3333333
leblia,,09,-16.7333333,168.3166667
leboukouvini,,09,-15.7,168.1333333
leboung,,12,-15.6833333,168.1333333
leboutsousap,,12,-15.7166667,168.1333333
lebutt,,13,-14.95,167.0166667
ledavi,,12,-15.7166667,168.1666667
legal,,09,-15.6833333,168.1166667
lehunang,,15,-19.4833333,169.3333333
leiwoma,,14,-17.0166667,168.6166667
lekoual,,07,-13.4,166.6833333
le lagon,,08,-17.7666667,168.35
lele,,05,-16.2666667,167.95
lelislis,,09,-15.6833333,168.1166667
lelowalo,,15,-19.45,169.3
lelvah,,12,-15.7,168.1166667
lemalda,,12,-15.7166667,168.1666667
leman,,12,-16.7166667,168.25
lembinwen,,10,-16.5,167.4166667
lemembleke,,12,-15.6833333,168.1666667
lemettou,,10,-16.0833333,167.15
lemwelmwel,,12,-15.7166667,168.1833333
lenakel,,15,-19.5333333,169.2666667
lenaken,,15,-19.4666667,169.2833333
lenana,,12,-15.65,168.1166667
lenapouas,,15,-19.5166667,169.3166667
lenaukas,,15,-19.4333333,169.3
lenepin,,15,-19.45,169.2833333
lenmowet,,15,-19.5333333,169.2666667
lenok,,12,-15.7333333,168.15
lenor,,10,-16.6,167.4666667
lenwakmoul,,12,-15.7666667,168.1666667
lepersivir,,10,-16.3666667,167.7666667
leppa,,09,-16.6833333,168.2833333
lerasangoul,,12,-15.7,168.15
leratowo,,09,-15.7,168.1333333
leronron,,10,-15.9,167.1833333
lerourouk,,12,-15.65,168.1166667
les allobroges,,09,-16.7833333,168.15
lesarmalras,,10,-15.9,167.2
lesasa,,12,-15.6833333,168.1666667
lesereplag,,06,-13.55,167.3333333
les lagunes,,08,-17.7333333,168.3333333
lesoubelakan,,12,-15.75,168.1333333
letevenrar,,13,-14.9833333,167.0166667
letowaleue,,15,-19.5333333,169.2833333
letowopom,,15,-19.5,169.2666667
letut,,13,-15.0666667,167.0333333
leumanggoviati,,15,-19.4833333,169.3666667
leve,,05,-16.3,167.95
level,,12,-15.6833333,168.1666667
leviamp,,10,-16.15,167.2166667
levolvol,,07,-14.3166667,167.7333333
lewaibilak,,12,-15.6833333,168.1333333
lewawa,,12,-15.7166667,168.1666667
lewelvaru,,13,-15.0666667,167.05
liekar,,13,-15.0333333,167.0
lihiouk,,12,-15.7333333,168.1666667
lihiwouk,,12,-15.6666667,168.1666667
likalia,,14,-17.0166667,168.6166667
likon,,05,-16.1166667,168.1333333
limalgan,,12,-15.6666667,168.1166667
limap,,10,-16.2333333,167.5166667
limbot,,07,-14.2,167.5666667
limdi,,07,-13.6833333,167.65
linarar,,10,-16.1833333,167.4666667
linboul,,05,-16.1333333,168.1166667
linen,,12,-15.7,168.1166667
liro,,11,-16.45,168.2166667
litzlitz,,10,-16.1166667,167.4333333
loameul,,15,-19.35,169.25
loanengo,,15,-19.55,169.4166667
loarou,,13,-15.1666667,167.1
lobanga,,06,-15.4,167.7333333
lobatmas,,13,-15.1166667,167.0333333
loeafi,,15,-19.4833333,169.3666667
loelafomwa,,15,-19.3833333,169.3166667
loghvari,,10,-16.5333333,167.8166667
lokearou,,15,-19.45,169.3
lokoten,,13,-15.15,167.1
lolbwavato,,06,-15.4666667,168.1333333
loldomae,,06,-15.4,167.9166667
loliboulo,,05,-16.25,167.95
lolibwe,,05,-16.1333333,168.15
lolimari,,05,-16.25,167.9166667
lolimari,,06,-15.35,167.9333333
lolmambweo,,12,-15.5166667,168.1333333
loloarou,,06,-15.3333333,167.8
lolobanga,,06,-15.4833333,167.75
loloikala,,13,-15.4333333,166.8
lolokalato,,06,-15.3833333,167.75
lolomangoua,,06,-15.4,167.9166667
lolomatwi,,06,-15.3333333,167.8
lolombivounie,,06,-15.3166667,167.85
lolominiou,,13,-14.9166667,166.5666667
lolonwele,,06,-15.3166667,167.85
lolopinawa,,06,-15.3833333,167.75
lolopuepe,,06,-15.3,167.8833333
lolopuepue,,06,-15.3,167.8833333
lolopwepwe,,06,-15.3,167.8833333
lolosori,,06,-15.3166667,167.9
lolotinge,,06,-15.3666667,167.7666667
lolovange,,06,-15.3166667,167.8833333
lolovele,,06,-15.4666667,167.85
lolovotali,,06,-15.45,167.8666667
lolowai,,06,-15.2833333,167.9666667
lolowarou,,06,-15.0833333,168.0666667
loloway,,06,-15.2833333,167.9666667
lolsaliwann,,12,-15.5333333,168.1666667
lolsanga,,06,-15.3833333,167.9333333
loltong,,12,-15.55,168.1333333
loluerkon,,05,-16.1666667,168.0833333
lomalanga,,06,-15.3166667,167.8666667
lomateiwei,,06,-15.4166667,167.9166667
lombaha,,06,-15.3,167.8666667
lomemeti,,15,-19.5,169.45
lomtehekeul,,15,-19.5166667,169.3
lomteuheakal,,15,-19.5166667,169.3
lomwanapiep,,15,-19.3833333,169.3166667
lonasilian,,15,-19.4666667,169.2833333
lonbaha,,06,-15.3,167.8666667
lonbarnie,,05,-16.1166667,168.15
lonbilingdoun,,12,-15.9,168.1833333
lonboue,,12,-15.9333333,168.25
lonboureoul,,12,-16.0,168.2
lonbwelo,,06,-15.3666667,167.9333333
londwa,,06,-15.3666667,167.7333333
lone,,06,-15.3666667,167.75
lonengwarao,,06,-15.4666667,167.7666667
loneowei,,05,-16.3333333,168.0333333
lonepan,,05,-16.1666667,168.0833333
lonepeyewie,,15,-19.45,169.2833333
longangoua,,06,-15.3166667,167.85
longwarou,,06,-15.35,167.7833333
lonha,,05,-16.1,168.15
lonhao,,06,-15.4166667,167.9
lonlebi,,12,-15.95,168.2333333
lonmink,,10,-16.3166667,167.3833333
lononwei,,05,-16.3333333,168.0333333
lonorore,,12,-15.85,168.1666667
lonre,,05,-16.1333333,168.1333333
lonsal,,05,-16.1666667,168.1166667
lontige,,13,-15.3666667,166.8333333
lonwaditari,,06,-15.35,167.7833333
lonwar,,05,-16.1333333,168.1666667
lonwel,,05,-16.1666667,168.1
lonyemyem,,05,-16.1166667,168.15
loonekiyawileung,,15,-19.4833333,169.25
loonelangat,,15,-19.35,169.3333333
loonelapeun,,15,-19.5166667,169.2833333
loonoo,,15,-19.5,169.4166667
loopa,,09,-16.8166667,168.3833333
loouanapouta,,15,-19.5166667,169.25
looukas,,15,-19.5,169.2333333
looukeureus,,15,-19.4333333,169.2666667
looulooupou,,15,-19.5,169.4333333
looumwanoumwan,,15,-19.5166667,169.25
loounaoula,,15,-19.4333333,169.3
loounapkamey,,15,-19.5,169.25
loounapkaulangeus,,15,-19.5,169.3
loounapkiko,,15,-19.5,169.2833333
loounatkey,,15,-19.4,169.3
loounekaweuk,,15,-19.5,169.3
loounemeloupang,,15,-19.3666667,169.25
loouniel,,15,-19.4833333,169.4
loounihm,,15,-19.4666667,169.3166667
loounimhapeun,,15,-19.35,169.3
looutel,,15,-19.4833333,169.2166667
looutopounga,,15,-19.4833333,169.3833333
loptoro,,13,-15.3,166.9166667
lorediakarkar,,13,-15.2333333,167.1166667
lorieno,,13,-15.1833333,167.1166667
losokwarou,,06,-15.4666667,167.7
losoue,,13,-15.5833333,166.7666667
lotabone,,13,-15.0166667,167.0166667
lotapouna,,15,-19.4,169.3166667
lotawan,,07,-13.85,167.6833333
loua,,10,-15.9333333,167.3166667
louganville,,13,-15.5333333,167.1666667
loulep,,11,-16.4666667,168.25
louli,,05,-16.45,168.25
lounaragi,,07,-13.3333333,166.6166667
lounekoukweou,,06,-15.3666667,167.75
louoimalakai,,10,-16.5166667,167.6666667
loupalea,,14,-16.8833333,168.5333333
louri,,13,-15.0666667,167.05
lourou,,13,-15.2166667,167.1666667
lovenoue,,13,-15.6333333,166.7833333
loviarou,,15,-19.45,169.3
lovis,,10,-16.4333333,167.8
lovonolivo,,07,-13.8333333,167.3833333
lowainasasa,,06,-15.3166667,167.85
lowa,,10,-16.45,167.4166667
lowarhe,,13,-15.1833333,167.1333333
lowatmemer,,06,-15.3,167.9833333
lowatoumbe,,06,-15.3333333,167.9666667
loweao,,15,-19.45,169.3
lowekewou,,09,-16.6,168.1666667
lowe,,10,-16.45,167.4166667
lowenof,,13,-15.1666667,167.1
lowerie,,13,-15.2,167.0333333
lowirave,,13,-15.5,166.8
lowitava,,06,-15.3,167.9
lowitawor,,06,-15.4166667,167.9
lowiteul,,15,-19.3333333,169.2666667
lowosi,,06,-15.3833333,167.9166667
lowoudbe,,07,-13.8333333,167.7
lowounbouga,,06,-15.35,167.9333333
lowountawor,,06,-15.3333333,167.95
luganville bay,,13,-15.5333333,167.1666667
luganville,13398,13,-15.5333333,167.1666667
maat,,08,-17.6833333,168.25
mae,,10,-16.0666667,167.3666667
mae,,13,-15.1666667,166.8
mae-morae,,09,-16.75,168.15
magam,,05,-16.1,168.1333333
makata,,14,-17.0666667,168.4166667
makatambo,,13,-15.55,166.8833333
makeone,,07,-14.3666667,167.4666667
makeon,,07,-14.3666667,167.4833333
malaliou,,08,-17.4666667,168.3666667
malao,,13,-15.1666667,166.85
malaora,,08,-17.7,168.2666667
malapat,,08,-17.7166667,168.2833333
malboral,,10,-16.55,167.5666667
malfakal,,10,-16.55,167.5666667
malmariv,,13,-15.3166667,166.8333333
maloeta,,13,-15.1333333,166.8
malori,,13,-15.4666667,166.8833333
malouibakaranae,,13,-15.4666667,166.95
maloutfol,,13,-15.45,166.9666667
malver,,05,-16.2833333,167.9333333
malvouko,,13,-14.7666667,166.6833333
mandri,,06,-15.3,168.1
mangarisiou,,14,-16.9166667,168.5666667
mangorango,,08,-17.4833333,168.4666667
manpay,,09,-16.8166667,168.2
manuro,,08,-17.7,168.6
mapkinkin,,05,-16.2833333,167.9833333
mapoua,,08,-17.4833333,168.4833333
mapouna,,09,-16.6,168.2
marae,,14,-17.05,168.3666667
marao,,08,-17.4833333,168.4666667
marchal,,13,-15.2833333,167.0666667
marembako,,10,-16.55,167.7333333
marino,,13,-14.9833333,168.05
maronron,,05,-16.1666667,168.1
marou,,08,-17.4833333,168.4666667
marow,,08,-17.4833333,168.4666667
maru,,08,-17.4833333,168.4666667
masalato,,06,-15.4,167.6833333
masol,,07,-14.2,167.5666667
matae,,13,-15.4166667,166.7833333
matala,,13,-14.85,166.75
matamea,,13,-15.45,166.75
matandan,,06,-15.3833333,167.7166667
matangui-salembanga,,14,-16.8833333,168.5833333
matanpousa,,13,-15.3833333,167.2166667
matansao,,13,-15.6666667,167.2333333
matanvat,,10,-15.9333333,167.1666667
mataravi,,06,-15.3166667,167.9666667
matbopo,,12,-15.5333333,168.1666667
mate,,09,-16.6833333,168.2833333
matenoua,,10,-16.25,167.6166667
matie,,05,-16.3,168.2833333
matin'gi,,15,-19.55,170.2166667
mat,,05,-16.35,168.2666667
matnavando,,06,-15.4666667,167.8333333
matnavora,,06,-15.4333333,167.6666667
matoa,,08,-17.4666667,168.3666667
mavora,,05,-16.3,168.3
mbarevit,,07,-14.2666667,167.6
megam,,05,-16.1,168.1333333
melbulbul,,05,-16.1166667,168.15
melcofe,,08,-17.7333333,168.3005556
mele,,08,-17.7,168.2666667
melibwe,,05,-16.1666667,168.1
melip,,10,-16.5833333,167.4833333
melsisi,,12,-15.7333333,168.1333333
meltebin,,05,-16.3166667,168.0
melten,,05,-16.2666667,167.9333333
melto,,05,-16.1833333,168.0833333
melwar,,05,-16.1333333,168.1166667
membremo,,09,-16.6333333,168.15
menegoro,,13,-14.85,166.55
meraroua,,13,-15.4333333,166.8833333
mere,,08,-17.4666667,168.3666667
meriver,,10,-16.4333333,167.7833333
mesabolo,,07,-14.2166667,167.4333333
metadounkoul,,12,-15.75,168.15
metamli,,05,-16.1333333,168.1333333
metanwar,,05,-16.1166667,168.1333333
metarouk,,12,-15.7166667,168.15
metaven,,10,-16.1666667,167.4833333
meteo,,13,-15.5333333,167.1333333
metesari,,07,-13.75,167.5166667
milipe,,10,-16.5833333,167.4833333
mi„osol,,07,-14.2,167.5666667
mission d' aouloua,,10,-16.3333333,167.7166667
modi,,13,-14.95,166.75
moeriou,,14,-16.9333333,168.55
mogam,,05,-16.1,168.1333333
mohoun'gha,,15,-19.5166667,170.2
moliitsi,,13,-15.0166667,166.7833333
molorhai,,10,-16.55,167.8333333
mondoro,,07,-14.2833333,167.6
mon exil,,13,-15.4166667,167.15
montmartre,,08,-17.75,168.35
morgrif,,13,-15.4333333,166.8833333
morioul,,13,-15.4833333,166.9
moriou,,09,-16.6,168.2
morouas,,13,-15.4166667,166.9166667
morou,,11,-16.3666667,168.25
mosina,,07,-13.9,167.5333333
moualakot,,14,-17.1333333,168.4166667
mourakawer,,15,-20.15,169.8333333
mouroubak,,14,-15.9333333,168.2666667
naano,,13,-15.1333333,166.8
nabagaaki,,06,-15.3666667,167.75
nabenbene,,06,-15.1333333,168.0833333
nabounay,,13,-15.4,166.8166667
naboutariki,,06,-15.4333333,167.6833333
naboutouriki,,06,-15.4333333,167.6833333
nabutri,,06,-15.4333333,167.6833333
naerere,,13,-15.4666667,166.8666667
nagap,,06,-15.3166667,167.9666667
nagataro,,06,-15.4,167.7333333
nagwingwim,,06,-15.4,167.75
naingama,,06,-15.35,167.9166667
nakalato,,13,-14.7666667,166.6833333
nakere,,13,-15.5833333,166.9833333
nakonrabonga,,12,-15.6666667,168.1333333
nakouita,,12,-15.6,168.1166667
namalao,,13,-15.4333333,166.8166667
namaous,,13,-15.5,166.8
namaram,,12,-15.6333333,168.1166667
namarao,,13,-15.4166667,166.7833333
namassari,,07,-14.2,167.5666667
namatasopa,,13,-15.5166667,166.8166667
namatooukou,,13,-15.4833333,166.7666667
nambaramout,,12,-15.5833333,168.1166667
nambia tri,,08,-17.7519444,168.3005556
namoumou,,06,-14.9333333,168.05
namsafoura,,15,-19.25,169.5833333
nanaharoua,,13,-14.75,166.6666667
nanako,,06,-15.3833333,167.7333333
nanamorou,,10,-16.4833333,167.8166667
nandoro,,06,-15.35,167.8
nandouha,,06,-15.0666667,168.0666667
nangire,,06,-15.3166667,167.8166667
nangouer,,06,-15.3333333,167.9333333
nangouroua,,06,-15.3666667,168.1166667
nanguile,,08,-17.7666667,168.3
nanoe,,13,-15.5833333,166.9666667
naone,,06,-15.0166667,168.05
naone,,13,-15.1166667,166.7666667
naouli,,13,-15.4166667,166.7833333
naous,,10,-15.95,167.3333333
naperol,,13,-15.5,166.8166667
napila,,06,-15.45,167.8166667
napil,,13,-15.45,167.0666667
napor,,07,-13.8333333,167.6833333
napoua,,15,-19.55,170.2166667
napoul,,11,-16.5,168.2166667
naram,,10,-16.2,167.5666667
narango,,13,-15.55,166.9833333
narea,,06,-15.05,168.0666667
nareget,,13,-15.0333333,166.9833333
narouah,,12,-15.6833333,168.1666667
naroutoli,,13,-15.4833333,166.9
narouwo,,06,-15.2833333,167.95
narovorovo,,06,-15.1833333,168.1
nasagoro,,06,-15.3166667,167.8666667
nasanga,,14,-17.2666667,168.4166667
nasawa,,06,-15.2,168.1
natalou,,06,-15.4,167.7333333
natambu,,10,-16.2166667,167.5833333
natanopeta,,13,-15.6333333,166.95
natapao,,08,-17.6166667,168.2166667
natarimboe,,06,-15.4833333,167.8166667
natavoa,,13,-15.5166667,166.85
natchino,,13,-15.6,166.9833333
natourouk,,13,-15.4166667,167.0166667
natowoulata,,13,-14.95,168.05
natsere,,13,-15.4833333,166.9166667
navaras,,13,-15.35,166.9166667
navel,,12,-15.6,168.1666667
naviso,,06,-15.1333333,168.1333333
navitora,,06,-15.3833333,167.7333333
navolou,,13,-15.55,166.9666667
navolou,,15,-18.75,169.0
navonda,,06,-15.3166667,167.9666667
navoun,,13,-15.2166667,166.8333333
navoutiloui,,13,-15.4333333,166.8166667
navouti,,06,-15.3833333,167.7333333
navoutouriki,,06,-15.4333333,167.6833333
nayo,,10,-16.05,167.1666667
nazareth,,15,-19.5166667,169.4
nazareth-rantis,,12,-15.8666667,168.2666667
ndui ndui,,06,-15.4,167.7666667
neafou,,13,-15.5833333,167.0333333
neha,,05,-16.1333333,168.15
nehatlin,,05,-16.1333333,168.1333333
nehatourou,,05,-16.1666667,168.1166667
nelvololkar,,13,-15.2833333,167.1833333
neubul,,05,-16.1166667,168.1333333
ngalaporoua,,09,-16.6,168.1333333
ngalavasorou,,09,-16.6,168.1166667
ngalovasoro,,09,-16.6,168.1333333
ngouroua,,08,-17.5,168.4833333
nikaoura,,09,-16.65,168.2166667
nikapa,,08,-17.4833333,168.35
nikaura,,09,-16.65,168.2166667
nivenou,,09,-16.6166667,168.2166667
noboros,,10,-16.15,167.4666667
nobouvilevile,,06,-15.3,167.8666667
nogougou,,13,-14.9333333,166.5833333
nogugu,,13,-14.9333333,166.5833333
nokokoul,,09,-15.7,168.1333333
nokombilatata,,09,-15.7,168.1333333
nokonbouin,,12,-15.7166667,168.1833333
nokongiri,,12,-15.6666667,168.1833333
nokonsede,,12,-15.7333333,168.1666667
nokosake,,08,-17.7516667,168.2847222
nokowoula,,13,-15.35,166.7333333
nokuku,,13,-14.9333333,166.5666667
nonona,,13,-15.35,166.7833333
noou,,11,-16.4666667,168.2166667
norsoup,,10,-16.0666667,167.3833333
norsup,2998,10,-16.0666667,167.3833333
nosousou,,13,-15.45,166.8833333
noul,,09,-16.7666667,168.35
nounapon,,15,-18.8,169.0166667
nountor,,05,-16.15,168.1166667
nouvi,,09,-16.65,168.2166667
npenanavet,,10,-16.0166667,167.1666667
olal,,05,-16.1,168.15
olasi,,13,-15.1166667,166.7666667
olbanga,,06,-15.1333333,168.1333333
oloul,,05,-16.1,168.15
olpoi,,13,-14.8666667,166.55
olpoy,,13,-14.8666667,166.55
olul,,05,-16.1,168.15
olwaa,,07,-14.25,167.4166667
ombous,,15,-19.55,169.4666667
onesoua,,08,-17.5666667,168.45
onesua,,08,-17.5666667,168.45
onetar,,07,-14.3,167.4166667
ontar,,07,-14.3,167.4166667
orap,,10,-15.9666667,167.3333333
orati,,08,-17.7333333,168.5833333
oroibao,,13,-15.4333333,166.85
oroni,,10,-15.9833333,167.1833333
orota,,13,-15.15,166.8166667
otas,,05,-16.35,168.2666667
oualonrigui,,06,-15.3166667,167.85
oualourigui,,06,-15.3166667,167.85
oule,,05,-16.3333333,168.2833333
oumetch,,15,-20.25,169.8333333
ounakop,,08,-17.4833333,168.3833333
ounasoule,,13,-15.0833333,166.6166667
ounavahe,,13,-15.0833333,166.6166667
ounevsem,,15,-18.9,169.0333333
ounoua,,10,-16.2333333,167.6
ounwarou,,12,-16.0,168.2
ouo-ouo,,10,-15.8833333,167.2
oupongkor,,15,-18.8166667,169.0166667
oureboul,,13,-15.4833333,166.95
ouro,,05,-16.2666667,167.9166667
ousiev,,13,-15.4166667,166.8666667
oussele,,10,-16.1,167.4166667
outanlang,,08,-17.4333333,168.3166667
outer,,10,-16.0,167.35
paetore,,13,-15.2666667,166.6666667
paia,,09,-16.5833333,168.2
pakapoultol,,13,-15.6333333,166.8
pakaroro,,13,-15.2333333,166.6666667
pakatam,,13,-15.55,166.85
palikoulo,,13,-15.5166667,167.2333333
palikulo,,13,-15.5166667,167.2333333
pamel,,05,-16.3333333,168.3
panap,,14,-15.9333333,168.2666667
panas,,12,-15.9166667,168.1833333
panbroun,,12,-16.0,168.2
pancros,,12,-16.0166667,168.2166667
pangakara,,13,-15.3166667,166.8333333
pangona,,08,-17.75,168.1833333
pango,,08,-17.7833333,168.2833333
panhavoul,,12,-15.5666667,168.15
panita,,14,-16.9166667,168.5166667
panmouwouom,,05,-16.25,168.3833333
panoka,,12,-16.0,168.2166667
pantevamal,,12,-15.9666667,168.1833333
paonangisu,,08,-17.5333333,168.4
paonanguis,,08,-17.5333333,168.4
paona,,13,-15.7166667,167.2333333
paouleli,,11,-16.5,168.2166667
papasoule,,13,-15.4666667,166.7666667
papoulasmel,,13,-14.9833333,166.6
patembiou,,06,-14.95,168.0833333
paten,,13,-15.4666667,166.8833333
pecherie,,13,-15.4833333,167.25
peleworearou,,08,-17.4833333,168.3833333
pellonk,,10,-16.5333333,167.8166667
pelol,,13,-14.7833333,166.7
penantsiro,,13,-15.5666667,166.8833333
penap,,10,-16.45,167.8166667
penicies,,10,-16.4333333,167.7833333
penoubere,,10,-16.2833333,167.6833333
pepeksal,,10,-15.9833333,167.1833333
perimengde,,07,-13.7,167.6166667
pesia,,05,-16.3166667,168.05
peskarous,,10,-16.5333333,167.8166667
peskarus,,10,-16.5333333,167.8166667
petel,,11,-16.3666667,168.25
pi„ang-pi„ang,,08,-17.6833333,168.5333333
piapieo,,13,-15.0833333,166.75
piapouria,,13,-15.0166667,166.7833333
pila,,13,-15.15,166.8166667
pilioura,,08,-17.5,168.4
piloe,,13,-15.1166667,166.8
pinaloum,,10,-16.0166667,167.4
pinambo,,10,-16.0333333,167.1666667
pinambro,,10,-16.0333333,167.1666667
pinapel,,05,-16.35,168.2833333
pitikabilendrome,,07,-14.2666667,167.4166667
pivosava,,07,-13.1833333,166.5666667
plamae,,10,-16.05,167.3666667
ploe,,13,-15.1166667,166.8
poal,,05,-16.2666667,168.2333333
poetsaysay,,13,-15.1833333,166.8666667
pohourour,,12,-15.9666667,168.2666667
poliba,,05,-16.3,167.95
ponof,,12,-15.9,168.2666667
ponrah,,12,-15.9166667,168.2666667
pontasipsip,,15,-18.6666667,169.15
poporonous,,13,-15.5,166.7666667
porao,,13,-14.6833333,166.6333333
port fila,,08,-17.7333333,168.3166667
port-havannah,,08,-17.5666667,168.2666667
port lautour,,13,-15.6166667,167.1666667
port-olry,,13,-15.05,167.05
port-stanley,,13,-16.15,167.45
port-vato,,05,-16.3333333,168.0333333
port-vila,,08,-17.7333333,168.3166667
potiraousak,,15,-18.95,169.1333333
potlouzi,,15,-18.9333333,169.1
potnarhvin,,15,-18.75,169.2
potnaroumpouo,,15,-18.9333333,169.1166667
potnarvin,,15,-18.75,169.2
potovrou,,10,-15.8833333,167.25
pouilipoe,,13,-14.8,166.55
pouillet,,15,-19.5333333,169.25
pouiloppoe,,13,-14.8,166.55
pounalvat,,15,-18.6333333,169.0833333
pourao,,14,-16.8833333,168.55
pouriawot,,13,-15.0166667,166.6166667
pourke,,09,-16.6,168.15
pourtihe,,13,-14.9666667,166.6166667
poussabier,,08,-17.7833333,168.3666667
poussy,,13,-15.3666667,166.65
poutoumiel,,10,-16.0333333,167.1666667
pwele,,13,-15.15,166.6333333
pwelpitou,,13,-14.9666667,166.7833333
qunassoule,,13,-15.0833333,166.6166667
radier,,08,-17.6666667,168.5166667
rafinga,,14,-16.9,168.5333333
raga,,06,-15.4666667,168.1333333
rambak,,10,-16.05,167.15
rambouan,,10,-16.4333333,167.8
rampounisia,,15,-18.9666667,169.2
rampounmampouo,,15,-18.95,169.1666667
rampounrougou,,15,-18.9166667,169.0833333
ramwady,,12,-15.7833333,168.15
ranbili,,05,-16.25,168.2166667
ranbwe,,05,-16.15,168.1
ranhor,,05,-16.1333333,168.1333333
ranmawat,,12,-15.8,168.1666667
ranmouhou,,05,-16.1,168.1333333
ranon,,05,-16.15,168.1166667
rano,,12,-15.9,168.1666667
ranpoutor,,12,-15.9833333,168.1833333
ranpout,,12,-16.0,168.2333333
ransare,,10,-16.2166667,167.5666667
rantas,,12,-15.9,168.2666667
ranuetlam,,05,-16.1666667,168.0833333
ranverekon,,05,-16.2,167.9833333
ranwas,,12,-15.9666667,168.25
ranwilinto,,05,-16.1833333,168.1
rarepa,,10,-16.2833333,167.6666667
rasfahalo,,13,-14.7833333,166.6833333
rata,,13,-15.35,166.8
remep,,10,-16.35,167.7666667
renmar,,10,-15.9,167.2
repanbitipbonour,,10,-16.3,167.6666667
rerepa,,10,-16.2833333,167.6666667
rerep,,10,-16.2833333,167.6666667
retour,,10,-16.3666667,167.7666667
rewoka naboa,,08,-17.45,168.35
rewoka namalachi,,08,-17.45,168.3666667
ringdove,,09,-16.6333333,168.15
rip,,13,-14.9666667,167.1
rive yan,,08,-17.8,168.45
robago,,10,-16.2,167.55
roghuros,,10,-16.2333333,167.6
rongetra,,10,-16.2333333,167.6
ropoutsoum,,13,-15.4166667,166.9666667
roria,,13,-15.4333333,166.9
rougoumbo,,10,-16.2333333,167.6
roupesi,,13,-15.4833333,166.8666667
rovo,,05,-16.3,168.3
rowok,,12,-15.7166667,168.1166667
rowonawo,,06,-15.1,168.0833333
rowo,,13,-14.95,167.0333333
rukumbo,,10,-16.2333333,167.6
saama,,08,-17.55,168.35
sae,,11,-16.3666667,168.25
safiou,,14,-16.9166667,168.5333333
saint benoit,,14,-15.9333333,168.2666667
sainte-anne,,10,-16.45,167.8166667
sainte-marie,,10,-16.4333333,167.7833333
sainte therese,,10,-16.35,167.3666667
sainte therese,,12,-15.9,168.2666667
saint-francois,,10,-16.4833333,167.8166667
saint gabriel,,12,-16.0,168.2
saint henri et saint-paul,,12,-16.0,168.2
saint henri,,12,-15.8833333,168.2666667
saint joseph,,10,-16.45,167.8166667
saint michel,,14,-15.9333333,168.2666667
saint-paul,,10,-16.4333333,167.7833333
sai,,12,-15.95,168.25
sakao,,09,-16.8166667,168.3833333
sakau,,09,-16.8166667,168.3833333
sakeani,,13,-15.55,166.75
sake,,08,-17.5,168.4
saktouy,,13,-15.4,166.7666667
salap,,12,-15.95,168.1833333
saltas,,12,-15.9833333,168.25
samarandas,,13,-15.7166667,167.2333333
sameria,,15,-19.5666667,169.45
sami„eo,,05,-16.3,168.2833333
samoao,,05,-16.3,168.2833333
samo,,15,-19.5333333,169.4833333
samuao,,05,-16.3,168.2833333
sanakoumbe,,13,-15.65,167.0833333
sanapapa,,13,-15.6333333,166.7666667
sanasoup,,05,-16.3333333,168.0
sang'hava,,14,-17.0833333,168.3833333
sankay,,11,-16.4666667,168.2333333
santo,,13,-15.5333333,167.1666667
sanwar,,10,-15.9833333,167.35
saouma,,08,-17.7333333,168.2833333
saou,,13,-15.4166667,166.8
saraerao,,06,-15.3333333,167.9
saranamoundou,,06,-15.3666667,167.7666667
saranatogoro,,06,-15.35,167.7666667
saraotou,,13,-15.4333333,167.2
saritamata,,06,-15.1,168.1
sarmet,,10,-16.2,167.5333333
sarmette,,10,-16.2,167.5333333
sarouaetan,,06,-15.3666667,167.9166667
sasake,,14,-17.05,168.3833333
sasaki,,14,-17.05,168.3833333
sasanadam,,12,-15.7166667,168.1333333
sasia,,15,-19.6,169.35
selembanga,,14,-16.8833333,168.5833333
selembenga,,14,-16.8833333,168.5833333
senal,,10,-16.1,167.4166667
sesake,,14,-17.05,168.3833333
sesaki,,14,-17.05,168.3833333
sesivi,,05,-16.3166667,167.9833333
sessivi,,05,-16.3166667,167.9833333
siviri,,08,-17.5333333,168.3166667
sleloure,,10,-16.0666667,167.4
sletassimal,,10,-16.0666667,167.4
soamal,,12,-15.6166667,168.1166667
sola,1171,07,-13.8833333,167.55
sonrha,,10,-15.9166667,167.1666667
souleisere,,13,-14.9833333,166.7666667
souleoutoubari,,13,-14.9833333,166.7666667
soule,,13,-15.1166667,166.6333333
souloua,,14,-17.0666667,168.3666667
sounai,,08,-17.5333333,168.2833333
south river,,15,-18.95,169.1666667
stade,,08,-17.7416667,168.3016667
sydney,,15,-19.5333333,169.2666667
taal netan,,11,-16.5,168.2
tabalabalaran,,13,-14.9,166.7666667
taboukavika,,12,-15.5833333,168.1166667
taboulan,,13,-15.4666667,166.9333333
tabounboder,,13,-15.4833333,166.95
taboutsoui,,13,-15.4833333,166.95
tabwe,,11,-16.4333333,168.2333333
tabwimoli,,13,-15.5,166.9166667
tabwimol,,13,-15.4,166.85
taemammavi,,13,-15.2833333,167.9166667
tafia,,14,-17.0166667,168.6166667
tafouale,,11,-16.4833333,168.2166667
tahi,,11,-16.4666667,168.2166667
tahouta,,06,-15.15,168.1166667
taiwi,,15,-18.9166667,169.0833333
taktak,,13,-14.7,166.6
talatas,,13,-15.1833333,166.8666667
talomaco,,13,-15.1666667,166.8166667
talomako,,13,-15.1666667,166.8166667
tambatalo,,13,-15.4833333,167.0833333
tamlilip,,10,-15.9833333,167.2333333
tanbok,,12,-15.6666667,168.1833333
tanbouipil,,13,-15.65,166.7666667
tanboun,,13,-15.4666667,166.75
tangis,,13,-15.5833333,167.0166667
tanlapa,,13,-15.5,166.85
tanmaeto,,06,-15.0833333,168.0666667
tanoi,,13,-15.45,166.8
tanopousa,,13,-15.5666667,166.85
tanoriki,,06,-15.0,168.0833333
tanoutcho,,13,-15.0,166.7833333
tanrig,,06,-15.0,168.0833333
tanrik,,06,-15.0,168.0833333
taoloa,,08,-17.4833333,168.3833333
taoumanouni,,13,-15.4666667,166.9
taoutou,,10,-16.0833333,167.4166667
taouwa,,07,-13.1333333,166.5333333
taraibe,,12,-15.75,168.15
tarasag,,07,-14.25,167.5833333
tasfaron,,12,-15.6,168.1333333
tasiriki,,13,-15.6,166.7666667
tasmaloum,,13,-15.6166667,166.9
tasmaloun,,13,-15.6166667,166.9
tasmalune,,13,-15.6166667,166.9
tasmalune trader,,13,-15.6166667,166.9
tasmaori,,06,-14.9166667,168.0666667
tasmate,,13,-15.2166667,166.65
tasmat,,13,-15.2166667,166.65
tassematte,,13,-15.2166667,166.65
tasseriki,,13,-15.6,166.7666667
tassmatta,,13,-15.2166667,166.65
tatafo,,13,-15.3833333,166.9833333
tataikalo,,13,-15.4666667,166.9
tatouira,,15,-19.5666667,169.4666667
tavala,,06,-15.4166667,167.7166667
tavalavala,,06,-15.3,167.9
tavendroua,,10,-16.35,167.3666667
taviac,,05,-16.3666667,168.2333333
tavio,,09,-16.6666667,168.2166667
tavoa,,13,-15.45,166.9833333
tavoloua,,07,-13.85,167.7
tavoni,,13,-15.4833333,166.95
tawor,,05,-16.1166667,168.15
telekey,,15,-19.5,169.45
tellit,,05,-16.1666667,168.1
temaonu,,08,-17.7513889,168.2847222
tematou,,11,-16.4833333,168.3166667
tembotalo,,13,-15.4833333,167.0833333
tenmarou,,10,-16.0333333,167.1666667
tenmerer,,10,-15.9,167.2666667
tenmial,,10,-15.95,167.1833333
tentaressak,,10,-15.9333333,167.1666667
tentaressoup,,10,-15.9166667,167.1666667
terebia,,13,-15.1,166.8
terebiu,,13,-15.1,166.8
terou,,13,-15.1666667,166.8666667
tetavale,,05,-16.3666667,168.2333333
teuvrat,,07,-14.25,167.5833333
tichlelamboue,,10,-16.0,167.3666667
tigalga,,07,-13.8666667,167.4
tikilasoa,,08,-17.4833333,168.3833333
tioungwi,,13,-15.3,167.0666667
tiouroumbo,,13,-15.3166667,167.0666667
tisbel,,10,-16.2666667,167.4
tivel,,10,-16.05,167.4
toak,,05,-16.35,168.2833333
tobol,,05,-16.1166667,168.15
tobotoumbo,,06,-15.4666667,167.7333333
tokofe,,08,-17.7505556,168.2844444
tokor,,07,-14.35,167.5666667
tolab,,07,-14.3166667,167.4166667
tolag,,07,-13.7,167.6166667
tolav,,07,-14.3166667,167.4166667
tolomako,,13,-15.1666667,166.8166667
tombaesar,,13,-15.4,166.0166667
tombet,,13,-15.3666667,166.8833333
tomboul,,10,-16.0,167.3333333
tondila,,13,-15.4,166.8666667
tongamea,,14,-17.0666667,168.4166667
tongwe,,12,-15.7,168.1166667
tonvar,,13,-15.4166667,166.9
toou,,05,-16.2333333,167.95
torari,,08,-17.6666667,168.5166667
tosi,,12,-15.6833333,168.1333333
totokat,,13,-15.25,167.15
toumbouria,,13,-15.5833333,166.8166667
toupouetap,,07,-13.8333333,167.6833333
tourebiou,,13,-15.1,166.8
towol,,12,-15.65,168.1166667
tsaraepae,,13,-15.5166667,166.8
tsaraepela,,13,-15.4666667,166.8666667
tsarapao,,13,-15.5,166.8
tsariaorou,,13,-15.0333333,166.7833333
tsinioni,,13,-15.55,166.75
tsureviu,,13,-15.1,166.8
umpon yelongi,,15,-18.9166667,169.0833333
unpongkor,,15,-18.8166667,169.0166667
utanlangi,,08,-17.4333333,168.3222222
vaitini,,14,-17.0833333,168.35
valae,,13,-15.6333333,166.8166667
valesdir,,09,-16.7833333,168.1666667
vanaia,,12,-15.8,168.1666667
vanis,,12,-15.7,168.15
vanmwel,,12,-15.7166667,168.1833333
vanrewerep,,12,-15.6833333,168.1833333
vansemakoul,,12,-15.7666667,168.1333333
vapana,,12,-16.6333333,168.1333333
varabibi,,12,-15.7666667,168.1333333
varewerep,,12,-15.7,168.1166667
varsare,,12,-15.8833333,168.2666667
var,,07,-13.7,167.6333333
vas,,13,-15.0666667,166.8
vatavoui,,06,-15.45,167.6833333
vatiinopo,,13,-15.4333333,166.8166667
vatles,,07,-14.2166667,167.45
vatorousin,,06,-15.3833333,167.7333333
vatoukampani,,06,-15.35,167.7833333
vatounaki,,13,-15.4833333,166.8333333
vatowasis,,12,-15.7166667,168.1333333
vatrada,,07,-13.9,167.4166667
vatrof,,13,-15.3833333,166.8833333
vatroto,,13,-15.3833333,166.8833333
veroue,,13,-14.95,168.05
ver,,07,-14.2,167.5666667
vesalia,,13,-15.0833333,166.6166667
vetoubosor,,07,-13.9,167.45
veutumboso,,07,-13.9,167.45
veverao,,07,-13.8333333,167.6833333
vias,,13,-15.5833333,166.8666667
viei,,07,-13.6833333,167.6333333
vienna,,08,-17.5,168.4833333
vilakalaka,,06,-15.4166667,167.6833333
vila,35903,08,-17.7333333,168.3166667
viniou,,13,-15.4166667,166.7833333
vipaka,,07,-13.3666667,166.6333333
vir,,07,-14.2,167.5666667
vitouara,,13,-15.35,167.1833333
votlo,,09,-16.8,168.2666667
vougenere,,06,-15.3166667,167.8666667
vourias,,06,-15.2833333,167.95
vournere,,13,-15.65,166.7666667
vousin,,13,-15.4666667,166.8833333
vovo,,09,-16.8166667,168.1833333
wadounbaba,,12,-15.7,168.1166667
wadounbowi,,09,-15.7,168.1333333
wadounmwel,,12,-15.7166667,168.1666667
wadovaga,,12,-15.7166667,168.15
waeling,,06,-15.35,167.9333333
waesisi,,15,-19.4833333,169.4
wailapa,,13,-15.5833333,166.9333333
wailep,,11,-16.5,168.2166667
wakon,,05,-16.2333333,167.9166667
walembwe,,06,-15.4666667,167.7666667
wali,,12,-15.9333333,168.1833333
wall,,12,-16.0,167.1833333
walourigi,,06,-15.3166667,167.85
walpey,,13,-14.7666667,166.55
walraoul,,13,-15.05,167.0
walurighi,,06,-15.3166667,167.85
walurigi,,06,-15.3166667,167.85
wanawere,,13,-14.8333333,166.75
wanbagam,,12,-15.6666667,168.15
wangtoo,,07,-14.2333333,167.55
wanou,,12,-15.7833333,168.1666667
wara kapa,,08,-17.55,168.3333333
waraparo,,13,-15.4833333,166.8
wararana,,09,-16.8,168.3666667
wasaka,,07,-13.9666667,167.45
wasalea,,13,-15.1666667,166.6333333
watangwele,,06,-15.3166667,167.85
waterfall,,12,-15.7833333,168.1666667
watfanwa,,06,-15.1,168.1166667
watiawoli,,06,-15.1,168.0833333
wawo,,12,-15.7166667,168.1166667
waylapa,,13,-15.5833333,166.9333333
weilberi,,13,-15.0833333,167.0166667
welawea,,12,-16.6166667,168.15
weravenou,,12,-15.7333333,168.15
white sands,,15,-19.5166667,169.4333333
wiana,,08,-17.5,168.4833333
wienna,,08,-17.5,168.4833333
wihel,,10,-16.15,167.2
wilir,,10,-16.1,167.1666667
wilit,,05,-16.1333333,168.1833333
wilmet,,10,-16.05,167.2
winbou,,13,-15.4166667,166.95
winia,,13,-15.4833333,166.8333333
winougap,,12,-15.7333333,168.1333333
wintoua,,10,-16.4833333,167.4333333
wintua,,10,-16.4833333,167.4333333
win,,10,-16.0833333,167.15
witaba,,10,-16.55,167.4333333
woinkoni,,12,-15.65,168.1166667
wonisule,,13,-15.05,166.6166667
woo,,05,-16.1166667,168.15
worafiou,,14,-16.9,168.55
woralapa,,08,-17.4833333,168.3666667
worlembraki,,10,-16.0,167.3666667
worlissliss,,10,-16.5166667,167.4333333
wornambek,,10,-16.0166667,167.1666667
worovok,,13,-15.1833333,166.8833333
worowloa,,08,-17.7513889,168.2838889
wortatcha,,10,-15.9833333,167.3666667
wosaga,,07,-13.9666667,167.4333333
woulele,,10,-16.2333333,167.55
woulior,,13,-15.0166667,167.05
woumorou,,13,-15.4833333,166.7666667
wounahaowoumhoum,,13,-15.05,166.65
wounaouss,,13,-15.5833333,167.0
wounaout,,10,-15.95,167.3166667
wounapaka,,13,-15.2666667,166.6666667
wounaperas,,13,-14.95,166.75
wounawati,,13,-15.1166667,166.7333333
woundrpoutsour,,13,-15.4166667,166.9833333
wounepara,,07,-13.1666667,166.5333333
woungmouil,,07,-13.65,167.6833333
wounpipi,,13,-14.8,166.7166667
wounpouko,,13,-14.7,166.5666667
wounsoule,,13,-15.05,166.6166667
wountavitslavo,,13,-14.8166667,166.7166667
wounwaka,,13,-15.1166667,166.7333333
wourewerep,,12,-15.7166667,168.1333333
wousi,,13,-15.3666667,166.65
wousounmwel,,12,-15.6833333,168.1666667
wouta,,06,-14.9666667,168.0666667
wowo,,10,-15.8833333,167.2
wunpuka,,13,-14.7,166.5666667
wunpuko,,13,-14.7,166.5666667
wunpuku,,13,-14.7,166.5666667
wuro,,05,-16.2666667,167.9166667
wusi,,13,-15.3666667,166.65
wus,,13,-15.3666667,166.65
yakoukak,,15,-19.55,169.3166667
yakoul,,13,-15.0833333,167.05
yakounetikaoulil,,15,-19.5166667,169.3166667
yakwaraka,,15,-19.6333333,169.45
yakwipeur,,15,-19.5833333,169.35
yanamahou,,15,-19.4833333,169.4166667
yanamwakel,,15,-19.5166667,169.4333333
yanaouhiya,,15,-19.5333333,169.2833333
yanarbon,,15,-19.6166667,169.45
yanavatang,,15,-19.5666667,169.4333333
yankoula,,15,-19.5333333,169.4
yankwaneneay,,15,-19.6166667,169.35
yanmileun,,15,-19.55,169.4
yaoukouriruang,,15,-19.5666667,169.35
yapana,,12,-16.6333333,168.1333333
yapimay,,15,-19.5666667,169.3166667
yapnawitaleng,,15,-19.55,169.3333333
yarouareung,,15,-19.65,169.3833333
yasmori,,06,-14.9166667,168.0666667
yatoukwey,,15,-19.5833333,169.45
yelewar,,10,-16.2833333,167.15
yelowouwou,,05,-16.2833333,167.9666667
yemamoso,,09,-16.7166667,168.1166667
yeno,,05,-16.25,167.9833333
yerou,,15,-19.5833333,169.3333333
yetakape,,15,-19.6333333,169.45
yetap,,15,-19.5833333,169.3166667
yimnakayip,,15,-19.4,169.3
yoknaeka,,15,-19.55,169.3
ytapoua,,15,-19.6333333,169.45
